https://www.youtube.com/watch?v=placeholder
0 1059.0103193029875 969.1726799919277 360.0 640.0 0.0 0.0 0.8214933520994914 0.04162776395022484 -0.5686965814253199 4.221908326513515 -0.011314227236864014 0.9983253126226271 0.056732340326893865 0.05174948145498096 0.5701058329103236 -0.0401708780765154 0.8205885935328301 3.648383710518545
1 1059.0103193029875 969.1726799919277 360.0 640.0 0.0 0.0 0.8245569473137109 0.041230216939260614 -0.564274675887405 4.255098346287416 -0.011312736156623617 0.9983432766449477 0.056415635939693634 0.053897733744367134 0.5656658577617576 -0.04013441402301694 0.8236573111274398 3.6104952554009824
2 1059.0103193029875 969.1726799919277 360.0 640.0 0.0 0.0 0.8316361215139422 0.041239411361814506 -0.5537875696905616 4.229669752979458 -0.012590772608357186 0.9983826526649282 0.05543961853102902 0.031423066957619004 0.55517820007487 -0.03913297597004883 0.8308103131000212 3.4963535960469176
3 1059.0103193029875 969.1726799919277 360.0 640.0 0.0 0.0 0.8540856191767494 0.033496682533195564 -0.5190527211899952 3.9750225256868714 -0.00914044469862881 0.998736635362126 0.049412401846612594 -0.0001528665070255608 0.5200521198747102 -0.03745804913246453 0.8533127721820469 3.2736761793597675
4 1059.0103193029875 969.1726799919277 360.0 640.0 0.0 0.0 0.8708748593971362 0.027940556065949262 -0.4907100005061483 3.761092211131138 -0.007155074009462855 0.9989978008947411 0.044183692957814116 0.0037247906920904058 0.4914527283329879 -0.03496740102147755 0.8702019861387732 3.151656936146738
5 1059.0103193029875 969.1726799919277 360.0 640.0 0.0 0.0 0.8807641044173634 0.025054511375024405 -0.47289202132161046 3.6246575634034577 -0.005975860907096776 0.9991079541791851 0.041804126378891235 0.0112776598541783 0.4735175619301767 -0.03399363698756064 0.8801281447539666 3.0630515036864048
6 1059.0103193029875 969.1726799919277 360.0 640.0 0.0 0.0 0.9043688668043797 0.022408252964882303 -0.42616290659092326 3.356962498897979 -0.007119109792304273 0.9992736822333265 0.03743562837209964 0.02499285444407105 0.4266922439308304 -0.03082171628755734 0.903871534441904 2.79719436611804
7 1059.0103193029875 969.1726799919277 360.0 640.0 0.0 0.0 0.9685795163842498 0.01741583261369191 -0.24809354932207459 2.7192872932214796 -0.009382566358708653 0.9993938131894213 0.03352571561103874 -0.03138590427287462 0.248527036536022 -0.030144567223293874 0.9681557814616112 1.9106726848969529
8 1059.0103193029875 969.1726799919277 360.0 640.0 0.0 0.0 0.991870286409312 0.004054399721074591 -0.12718843021757623 2.005127003012299 -0.00014816264129019203 0.9995284288862388 0.03070664253933941 -0.0039836446977289195 0.12725294883082763 -0.030438161756400354 0.9914031497442148 1.5955606396114494
9 1059.0103193029875 969.1726799919277 360.0 640.0 0.0 0.0 0.9994494525709435 -0.003403004023706971 -0.033003201651595 1.5165951822854324 0.004388098711973853 0.9995455898546223 0.029822112464901605 -0.00919141994350958 0.03288671989322107 -0.029950515284213396 0.9990102253174764 1.3638750890588636
10 1059.0103193029875 969.1726799919277 360.0 640.0 0.0 0.0 0.9888358620392587 -0.019541109922996406 0.14772197862218656 0.6597804873591602 0.01468564611948828 0.9993177162004305 0.03388855095764863 -0.029852585682090607 -0.14828341020872676 -0.03134082179735179 0.988448169175267 0.9321320079539152
11 1059.0103193029875 969.1726799919277 360.0 640.0 0.0 0.0 0.9674086993245438 -0.027868279638402795 0.25168187749854026 -0.02201711372792729 0.019281478673957384 0.9991468913650088 0.0365200500517849 -0.029875344247129183 -0.25248491648282706 -0.03047701536625481 0.9671207362491122 0.8594722644520763
12 1059.0103193029875 969.1726799919277 360.0 640.0 0.0 0.0 0.9400868488166298 -0.03381891481503667 0.33925358904918357 -0.6033542338242873 0.021743569199213744 0.9989895512842774 0.03933311103024161 -0.05775614106362138 -0.34024099382716666 -0.02959995651300192 0.9398722831820984 0.8230107863663899
13 1059.0103193029875 969.1726799919277 360.0 640.0 0.0 0.0 0.9230874160723824 -0.03635991192738305 0.38286757383388487 -0.8669100368706633 0.022639126127901473 0.9989317912491394 0.040283326575031496 -0.0992229611043179 -0.38392328954750493 -0.028517244544636812 0.9229245226488481 0.7904856577524707
14 1059.0103193029875 969.1726799919277 360.0 640.0 0.0 0.0 0.8231234323613033 -0.04640860805880938 0.5659629459565273 -2.00458565328474 0.023642294465668484 0.9985914482078093 0.04749906818695211 -0.08793464792670755 -0.5673701234733336 -0.025716933415046172 0.8230612263529247 0.8680705187216365
15 1059.0103193029875 969.1726799919277 360.0 640.0 0.0 0.0 0.7378861067489298 -0.05430485520827813 0.6727370037152073 -2.6843453644361683 0.02434639889395041 0.9982507356586696 0.05387691173240622 -0.11748716478940938 -0.6744859867542125 -0.023376301198709527 0.7379174765612098 1.1217389782248532
16 1059.0103193029875 969.1726799919277 360.0 640.0 0.0 0.0 0.6403742163212521 -0.06160687670696896 0.765588306998843 -3.2432157077152404 0.021824074574116864 0.997834963751817 0.062041074163762235 -0.15607107295508635 -0.7677529373697802 -0.023021247942333296 0.6403322960020461 1.4483064203248446
17 1059.0103193029875 969.1726799919277 360.0 640.0 0.0 0.0 0.6133945158926513 -0.0633187794558823 0.7872343361674703 -3.4093253404194805 0.02140607490180377 0.9977476753163312 0.06357166316964853 -0.15640481064244563 -0.7894865089601713 -0.022142912389164604 0.6133683588194025 1.5868877956253662
18 1059.0103193029875 969.1726799919277 360.0 640.0 0.0 0.0 0.5084184339058735 -0.06925005709691057 0.8583211087097727 -3.94747439243554 0.018901282239179355 0.9974184185424801 0.06927654640592842 -0.16746635323977607 -0.8609026876450171 -0.01899810370254095 0.5084148251785088 2.110671434264012
19 1059.0103193029875 969.1726799919277 360.0 640.0 0.0 0.0 0.473454448589789 -0.06817786041002694 0.8781757594356894 -4.150844720399353 0.015912929351243048 0.9974992452923719 0.06886243040011639 -0.15902502443411662 -0.8806745504384701 -0.0186288751957655 0.47335536462465433 2.251634419681679
20 1059.0103193029875 969.1726799919277 360.0 640.0 0.0 0.0 0.44256839761418704 -0.0647664586602616 0.894392821564339 -4.3327067075877235 0.010282625319092048 0.9976893351823705 0.06715845501429299 -0.1546168841574607 -0.8966757948387801 -0.020525503549688465 0.4422117396160732 2.3467458292869696
21 1059.0103193029875 969.1726799919277 360.0 640.0 0.0 0.0 0.41674371657229087 -0.06301096195756432 0.9068375231377981 -4.422785035687307 0.007729084955783658 0.9978042313474741 0.06577976247161954 -0.14557962576093195 -0.9089911638422348 -0.020404278430240765 0.4163156608614199 2.4585990856928253
22 1059.0103193029875 969.1726799919277 360.0 640.0 0.0 0.0 0.39826595949719346 -0.06306213529704184 0.9150996626584219 -4.507159826639608 0.007942801810178392 0.9978336245200674 0.06530673530769593 -0.1096660010413598 -0.9172355953653261 -0.018740994341891824 0.397904055930438 2.560561932155754
23 1059.0103193029875 969.1726799919277 360.0 640.0 0.0 0.0 0.38302383050845956 -0.06355815693981264 0.9215492965376519 -4.622191243497072 0.008940018626392977 0.9978384374081202 0.06510398526880479 -0.12440059279171005 -0.923695199364805 -0.016697709942837986 0.3827641116315351 2.6710599791164187
24 1059.0103193029875 969.1726799919277 360.0 640.0 0.0 0.0 0.3736198839221394 -0.06383653579925416 0.9253826662711798 -4.7074307074220165 0.009769884583093975 0.9978445511161572 0.06489068625795066 -0.15675964451949867 -0.9275304478523819 -0.01520356882265831 0.37343824094730127 2.7424922182482643
