https://www.youtube.com/watch?v=placeholder
0 1068.755201643702 1069.7176897566892 360.0 640.0 0.0 0.0 0.9981702380120125 -0.001970449963823949 -0.06043420615828698 4.278389711379688 0.0018121725731787969 0.9999947836649652 -0.0026737003243632543 -0.1296502470606055 0.060439159305927505 0.0025592908782605837 0.9981686020170106 2.4280037964801204
1 1068.755201643702 1069.7176897566892 360.0 640.0 0.0 0.0 0.9985251863676927 0.000796076491601501 -0.054284606027713136 4.263931853127312 -0.0009178220869247673 0.9999971194022286 -0.0022178344982763856 -0.1450026939397899 0.054282684089691655 0.002264387216116371 0.9985230406748531 2.3921653173477653
2 1068.755201643702 1069.7176897566892 360.0 640.0 0.0 0.0 0.9989666618174416 0.002485878128595416 -0.0453809319786065 4.2704831710433 -0.002549632097166868 0.9999958424287496 -0.0013470342922492261 -0.14842931285976552 0.045377394741062824 0.001461347031053831 0.9989688466170347 2.342638482553805
3 1068.755201643702 1069.7176897566892 360.0 640.0 0.0 0.0 0.9995339479896372 0.0011022793340862292 -0.0305069139133877 4.275102090128264 -0.0010691692994581903 0.999998821654579 0.001101619926521488 -0.16034409510287553 0.0305080922585844 -0.0010684894585626691 0.9995339487166099 2.2447979625030436
4 1068.755201643702 1069.7176897566892 360.0 640.0 0.0 0.0 0.9999396981504372 -0.0027812817352110804 -0.010623772151260542 4.173973655879774 0.002813847661737647 0.9999913847598776 0.003051666324971571 -0.18333344159483603 0.01061519308110085 -0.0030813759802745845 0.999938909532937 2.108586924744813
5 1068.755201643702 1069.7176897566892 360.0 640.0 0.0 0.0 0.9997033334284018 -0.005352069480485747 0.023761323288443673 3.9226280885801037 0.005274856103180253 0.9999806062986437 0.0033110300040578855 -0.20939568794436553 -0.023778583331069678 -0.003184710170970436 0.9997121768768721 1.9475052418283991
6 1068.755201643702 1069.7176897566892 360.0 640.0 0.0 0.0 0.9976430813266987 -0.00895464311791265 0.06803011574002325 3.5519024701261652 0.008677928188598416 0.9999528322516061 0.0043619759679372145 -0.14299465393514302 -0.0680659668507226 -0.003761334686271931 0.9976737324987834 1.8660260259083583
7 1068.755201643702 1069.7176897566892 360.0 640.0 0.0 0.0 0.9931343984439717 -0.012174302127593198 0.11634368480943295 3.064661436466229 0.011600370652549537 0.9999169821713314 0.005608936271762403 -0.07581771629190207 -0.11640231109412762 -0.004220797683294508 0.993193176999753 1.9010029602515095
8 1068.755201643702 1069.7176897566892 360.0 640.0 0.0 0.0 0.98195271961483 -0.013053649275313375 0.1886755381114259 2.6207261339577803 0.012117777127773318 0.999907891463718 0.006112942504507149 -0.016202558354089992 -0.18873795569127222 -0.0037162923968529268 0.9820204545997504 1.8335399845268778
9 1068.755201643702 1069.7176897566892 360.0 640.0 0.0 0.0 0.9681191891027665 -0.012106441280521754 0.2501972617166764 2.452755530152038 0.010832600573481895 0.9999204079093903 0.006467813473951699 -0.022284918481645936 -0.2502556501975873 -0.003551327334914399 0.9681732787153047 1.5952847201217946
10 1068.755201643702 1069.7176897566892 360.0 640.0 0.0 0.0 0.9492371248343229 -0.011434085249186092 0.31435353112504166 2.254629763496781 0.009652014266418957 0.9999273163645086 0.007224998870086942 -0.06690770089434621 -0.3144132940205758 -0.003824092387254482 0.9492784927830951 1.312691782895549
11 1068.755201643702 1069.7176897566892 360.0 640.0 0.0 0.0 0.9200912965420445 -0.006379440531946271 0.39165202510146535 1.9288496294530957 0.004464090998520604 0.9999732108978938 0.005800808401701503 -0.10155175511227146 -0.39167853900761074 -0.0035889030435057034 0.9200951265254087 1.004158657885973
12 1068.755201643702 1069.7176897566892 360.0 640.0 0.0 0.0 0.8872401894386477 -0.0043353370937118645 0.46128738449816364 1.4991649614203233 0.001877218949652241 0.9999814901243561 0.00578752604205403 -0.07366882316111513 -0.4613039370023714 -0.004268988282517651 0.8872319051100203 0.7481521623700025
13 1068.755201643702 1069.7176897566892 360.0 640.0 0.0 0.0 0.838770026980286 -0.007883833917791884 0.544428771284405 0.9493163172814254 0.005420531065652712 0.9999665239346206 0.0061293436090724025 -0.05623718690469935 -0.5444588686783022 -0.0021900166365708506 0.8387846828266924 0.6208434358684312
14 1068.755201643702 1069.7176897566892 360.0 640.0 0.0 0.0 0.7824589149504453 -0.017646148306566495 0.6224521345971227 0.4582328285860132 0.01587132191175207 0.9998388108822953 0.008393652021087425 -0.0042205733467398174 -0.6224999177151315 0.0033114503499564836 0.7826128587885803 0.5692157505686025
15 1068.755201643702 1069.7176897566892 360.0 640.0 0.0 0.0 0.71241558873582 -0.021634861338927548 0.7014242380336171 -0.08993474511510062 0.0248890634955159 0.9996747849136816 0.005555081106566794 -0.024704583740692832 -0.7013163076989664 0.013500266020702537 0.712722371876216 0.4737805852249408
16 1068.755201643702 1069.7176897566892 360.0 640.0 0.0 0.0 0.5668106458244667 -0.03700779526861992 0.8230164730243295 -0.9903235309577728 0.043016474111980334 0.99895729840415 0.01529375428255774 -0.051256481343789635 -0.8227243005618736 0.02673460406360717 0.5678115763266349 0.6812852616909881
17 1068.755201643702 1069.7176897566892 360.0 640.0 0.0 0.0 0.49570425263621476 -0.040457294950232064 0.8675485584125432 -1.570025511074885 0.04603929330616548 0.9987339774222862 0.020268838499755564 -0.02919485220091826 -0.867270244727813 0.029893973097770633 0.49693930512909634 0.9091913972299303
18 1068.755201643702 1069.7176897566892 360.0 640.0 0.0 0.0 0.2609706294449862 -0.05431572596051653 0.9638174788207929 -2.8279543723958223 0.03928046903715509 0.9981864362377092 0.04561669939049341 -0.0902210855871103 -0.9645472385110585 0.025954583881149254 0.2626308897602252 1.9947571151773753
19 1068.755201643702 1069.7176897566892 360.0 640.0 0.0 0.0 0.09716846812853998 -0.05145164019848615 0.9939371295622468 -3.7227241527208745 0.035563593248557346 0.9982045856948488 0.048195808251613834 -0.13344818417015408 -0.9946323540066471 0.030664862932364225 0.09882381567484244 2.919016921962388
20 1068.755201643702 1069.7176897566892 360.0 640.0 0.0 0.0 0.06284583467986402 -0.041662882197716126 0.997153250664295 -4.004016159059303 0.03655437419268923 0.9985539714159684 0.03941755822953047 -0.06037542152918649 -0.997353587646213 0.033973083704262094 0.06427791839233088 3.210555131103359
21 1068.755201643702 1069.7176897566892 360.0 640.0 0.0 0.0 0.03919324088511048 -0.029150340067178048 0.998806361384873 -4.072071354573969 0.03610210835313153 0.9989630756296488 0.02773826420328336 -0.010712410914962531 -0.9985792545618903 0.034971863011859616 0.04020498919411952 3.4224119722237116
22 1068.755201643702 1069.7176897566892 360.0 640.0 0.0 0.0 0.02179468689443331 -0.020176748810384677 0.9995588479077242 -4.05111177499753 0.03629846186394554 0.9991531163007905 0.019377096086120517 0.01202291441547267 -0.9991033046134348 0.0358601309794275 0.02250861427660522 3.523882181961596
23 1068.755201643702 1069.7176897566892 360.0 640.0 0.0 0.0 0.008780310244861452 -0.016026087111391384 0.9998330214010248 -4.061659275585856 0.0367213366630756 0.9992023106068831 0.015693499021661308 0.02593785914079635 -0.9992869705873689 0.03657741119548949 0.009361805624719999 3.5758063011091745
24 1068.755201643702 1069.7176897566892 360.0 640.0 0.0 0.0 0.0006409410695742572 -0.01479029699180621 0.9998904121499715 -4.0735464748410095 0.03687378425700547 0.9992109719615484 0.014756610255253289 0.008294826866242668 -0.9993197252276739 0.03686028522070603 0.0011858095694722293 3.6435722727698012
