https://www.youtube.com/watch?v=placeholder
0 1699.674164886781 1438.369975213809 360.0 640.0 0.0 0.0 0.8097162419724696 0.14482800414405925 -0.5686690221048 4.654492292308437 -0.10589926976314311 0.9892193562258378 0.1011454889343668 0.08308670667766167 0.5771871032426262 -0.02167751101458451 0.8163241594897205 1.7697131769403387
133332 1694.1351597967728 1435.7761882769412 360.0 640.0 0.0 0.0 0.8120502583422696 0.14332531603675058 -0.5657139133070874 4.65798885429481 -0.10506102433397581 0.989438502717104 0.09986806550059424 0.07976072060384307 0.5740527493986498 -0.021663405177875676 0.8185316962610245 1.7327107062309035
299997 1689.244316196288 1435.5420706422174 360.0 640.0 0.0 0.0 0.8167618687472238 0.14193168173057505 -0.559245426875959 4.626242170576015 -0.10479215098753515 0.9896422111889134 0.09811676168995735 0.08545290442968323 0.5673787578434255 -0.021533498421041547 0.8231753480236168 1.6862042593330324
466662 1677.212554140842 1430.3530037611677 360.0 640.0 0.0 0.0 0.8245814673923564 0.137675506985058 -0.5487356908471287 4.453080362289065 -0.10205664974293978 0.9902240231252257 0.09508324915009717 0.1009986690747488 0.5564618979555701 -0.02240175890638462 0.8305710790303169 1.5724487856684497
633327 1664.8258233566396 1424.9838914774596 360.0 640.0 0.0 0.0 0.8353892468385022 0.13251174832211748 -0.5334467572525076 4.186643562478342 -0.0984619918601242 0.9908837976935355 0.09194854880515123 0.12194105404477391 0.5407680116515184 -0.02428859866382249 0.8408210401443407 1.4568531571092511
799992 1640.0048800759255 1409.7662215700661 360.0 640.0 0.0 0.0 0.8488031583643406 0.1252323529929935 -0.5136633684764353 3.8557498175157012 -0.09272681401462124 0.9917450623906864 0.08856336255129015 0.114627744160654 0.5205141076987421 -0.027542494214062966 0.8534087383540494 1.2293472249322928
966657 1625.769266091626 1404.6407194457215 360.0 640.0 0.0 0.0 0.8646192932059475 0.11890540685585042 -0.4881546701983833 3.50138814171297 -0.08892659329439061 0.9924694549342913 0.0842403824034816 0.16601894912580062 0.49449523639879667 -0.029425928071607998 0.8686820914097532 1.2778518178336222
1133322 1603.3323597012177 1393.3468569036772 360.0 640.0 0.0 0.0 0.8806361752823213 0.10806010752109214 -0.4613056903471434 3.079418348464728 -0.08066241873134429 0.9936241325652807 0.07876964763348067 0.21281330348940594 0.4668763230112808 -0.032157368462351454 0.8837377454115235 1.145105793264445
1299987 1572.2707014332514 1377.603955934647 360.0 640.0 0.0 0.0 0.898790962207208 0.09708352373197059 -0.427492217092224 2.6993679301626528 -0.07213328350438077 0.9946295093544085 0.07422215661300381 0.26058810228325097 0.4324021226422436 -0.03587378626786611 0.9009669670932945 0.9481585649996467
1466652 1542.3250982604616 1365.644209053493 360.0 640.0 0.0 0.0 0.9167057799999702 0.08693902048811318 -0.38998989683223034 2.2509468131344996 -0.06476431100696091 0.9954647818769028 0.06968107391942203 0.30111606901450555 0.3942792118974064 -0.038619616250524194 0.9181788650944991 0.7760519701103472
1633317 1518.4102663336998 1354.3289461929403 360.0 640.0 0.0 0.0 0.9333731317364473 0.07475908789903735 -0.35103514885122344 1.6419184048518898 -0.05537884821910367 0.996351156611385 0.06494271236313669 0.3333430637439536 0.35460933451112375 -0.041175860594037814 0.9341074715373592 0.5974938941029511
1799982 1498.5009565541284 1345.7653288974382 360.0 640.0 0.0 0.0 0.9489578221052766 0.0626443346638077 -0.3091192960650292 0.9729191522834858 -0.0461495626337373 0.997107172665146 0.06039457002441115 0.34735354975732213 0.31200844497212743 -0.04304617932229998 0.949103659624083 0.6402077494332488
1966647 1478.0922771785677 1340.5523109204823 360.0 640.0 0.0 0.0 0.9633494831863216 0.05139842913305729 -0.2632792713589525 0.34876985643342606 -0.037501421200764364 0.997638392637439 0.05754373070726184 0.29927942438717253 0.2656151664581105 -0.045561376388791146 0.963001944094086 0.6335457006040948
2133312 1463.7954450548136 1334.9170920320119 360.0 640.0 0.0 0.0 0.9748594946933646 0.040403999091115264 -0.21912663567819143 -0.3075508110592997 -0.029046924568240026 0.998074417016452 0.054806334217828816 0.2178657331136271 0.22091908423521192 -0.04706352042415162 0.9741559337528879 0.6028758380835432
2299977 1449.310302186381 1329.0319057920597 360.0 640.0 0.0 0.0 0.9837692938899324 0.029687505394479362 -0.17696504859083506 -0.9840938161568504 -0.02012978333740042 0.9982522927253118 0.05556214441008875 0.03674510022445781 0.1783052669499507 -0.05109806348689741 0.9826475561898049 0.5357059458229868
2466642 1430.8768485608718 1317.9250068140243 360.0 640.0 0.0 0.0 0.9904619862269965 0.017830800964816186 -0.13662765597135176 -1.4296653561992667 -0.01021872313265048 0.9983664356128423 0.05621421474366255 -0.14287061686743074 0.1374068103727438 -0.05428188260056466 0.9890262108177554 0.45291638922836547
2633307 1417.3355192549939 1309.9583781572915 360.0 640.0 0.0 0.0 0.9951297630913398 0.006722986359928709 -0.09834406979669984 -1.8381874661040727 -0.0011294706738229211 0.9983836611173776 0.05682243843639792 -0.31149337870648824 0.0985671289313579 -0.056434622956705136 0.9935288895779345 0.39972556783837143
2799972 1409.4322913926262 1304.5734250099845 360.0 640.0 0.0 0.0 0.9979857238770405 -0.0031743205746276445 -0.06335943991631221 -2.405444675626136 0.006901090846596036 0.998252540597306 0.05868764892335629 -0.46996830801476985 0.06306242845582707 -0.05900668504426926 0.996263690614759 0.39881518112218906
2966637 1402.9731060810636 1299.7510318762704 360.0 640.0 0.0 0.0 0.9994336610137114 -0.011900130643491855 -0.03147608812094549 -2.8710889238073207 0.013799806839057287 0.9980520623976414 0.06084115445172836 -0.5834129171135036 0.030690756978843117 -0.06124106167010973 0.9976510461085998 0.4755162331278442
3466632 1397.3561317637266 1287.718193327312 360.0 640.0 0.0 0.0 0.9982345292614438 -0.030057443060561635 0.05122865122999838 -4.152869352548547 0.0265338896498393 0.9973238758779265 0.06812517378972764 -0.9099467083275307 -0.05313922553287609 -0.06664560541019594 0.9963606706355258 0.5186950902581797
3633297 1401.2640748346503 1286.463216235295 360.0 640.0 0.0 0.0 0.9969395837607875 -0.03426009653752126 0.07026885594705055 -4.540003565557274 0.029414184798826605 0.9971916267618259 0.06887427131174306 -0.9805522818030384 -0.07243115395662351 -0.066596586258928 0.9951475381244577 0.494167228390243
3799962 1410.581561950915 1288.5227901365054 360.0 640.0 0.0 0.0 0.9956396218729723 -0.036911603078067866 0.08566957986853858 -4.899935154567874 0.030781217246886535 0.9969433777135862 0.07180820494780374 -1.0974891192229472 -0.08805827628022657 -0.06885808007222524 0.9937325116887956 0.668980882623991
3966627 1413.2200523470037 1289.5979387173813 360.0 640.0 0.0 0.0 0.994672285789279 -0.037256358241270465 0.09611975683140792 -5.081206775910002 0.03007457405794138 0.996721387960984 0.07511321306110597 -1.2542086470108413 -0.09860306221393061 -0.07182227058320989 0.992531610363271 0.6786248674903448
4133292 1416.4694088261886 1290.5796953004226 360.0 640.0 0.0 0.0 0.9940027734715985 -0.03576069406629641 0.10334243605928212 -5.182835689663623 0.027866969440050987 0.9966536646538772 0.07684337802455207 -1.338883793225885 -0.10574459014529927 -0.07350269037180682 0.9916730490252867 0.677264154120681
4299957 1418.955597103754 1291.160031074823 360.0 640.0 0.0 0.0 0.9935981459198728 -0.034200913464228794 0.10767089645212218 -5.237252278182487 0.02595335229384953 0.9966862667868891 0.07709026594276001 -1.3676422822128058 -0.10995066134090607 -0.07380232460177975 0.9911932550991612 0.7409278295067165
