https://www.youtube.com/watch?v=placeholder
0 1064.8224763797 1025.7281835248646 360.0 640.0 0.0 0.0 0.4318582529079333 0.16547874457405012 -0.8866313971936163 4.485373339328265 -0.15237932623814396 0.9822807928275854 0.10910996735962998 -0.5710534916543364 0.8889763722003624 0.08798425504717598 0.44942160666046826 2.7137567376656158
1 1064.8224763797 1025.7281835248646 360.0 640.0 0.0 0.0 0.436008306516768 0.16735278636995432 -0.8842453288214718 4.445599494729449 -0.15345755502921377 0.9819929059410708 0.11018489681379653 -0.5675689181658351 0.8867623895118895 0.08765259594343794 0.4538386133545056 2.7074151477844692
2 1064.8224763797 1025.7281835248646 360.0 640.0 0.0 0.0 0.44744810539354357 0.16771078392484845 -0.8784436726023138 4.287283928358215 -0.15503172832382084 0.9819331292481753 0.10850111933899738 -0.5912644669820276 0.8807697520877164 0.08763802051734816 0.46536461099566173 2.648763718104128
3 1064.8224763797 1025.7281835248646 360.0 640.0 0.0 0.0 0.46600708368838917 0.16600878974124234 -0.8690675921243933 3.9655976955906174 -0.15672325126230763 0.982195892543517 0.10358113334201184 -0.6102014420794657 0.8707899979133973 0.08793355673059082 0.48372768076128714 2.5421147785905944
4 1064.8224763797 1025.7281835248646 360.0 640.0 0.0 0.0 0.4949798306689676 0.1642765288540527 -0.8532339592975562 3.5794699200026225 -0.15750676698601263 0.9826608697303681 0.09782245884443118 -0.5955287627224031 0.8545095585097537 0.08596997829719454 0.5122719758556443 2.2390466232341777
5 1064.8224763797 1025.7281835248646 360.0 640.0 0.0 0.0 0.5649585944657284 0.16070632768977097 -0.8093177761422127 3.2483126380088443 -0.14932584449305195 0.9845670622349015 0.0912660513475432 -0.6657169000432452 0.8114946572256317 0.06929052029392968 0.5802372317351334 1.672918590722994
6 1064.8224763797 1025.7281835248646 360.0 640.0 0.0 0.0 0.6394293300132506 0.14931514515957753 -0.7542115879146779 2.7989311950125577 -0.13472131438636628 0.9875434071654952 0.08129075232752442 -0.537566262376436 0.7569546217368749 0.04962868515223179 0.6515801518165246 1.3275985710051912
7 1064.8224763797 1025.7281835248646 360.0 640.0 0.0 0.0 0.703790612304882 0.1354838457832413 -0.6973685550433876 2.304561102957769 -0.11918212414311075 0.9902507254210391 0.07210493802675408 -0.4018036062597995 0.7003387718213633 0.032367087216627954 0.713076416906951 1.1211453762328027
8 1064.8224763797 1025.7281835248646 360.0 640.0 0.0 0.0 0.7480528257280031 0.12716914237215757 -0.6513409085484188 1.850842062751026 -0.11356303593006202 0.9915210783933006 0.06316160203900503 -0.33633802507599797 0.6538504468077522 0.026720036117417988 0.75615185834539 0.966194195724068
9 1064.8224763797 1025.7281835248646 360.0 640.0 0.0 0.0 0.7949716133065964 0.11846433556954158 -0.594967507713467 1.5804985231881035 -0.10724024406272806 0.9927450749546368 0.0543759708573468 -0.31902177222760525 0.5970926762991436 0.020577107459007777 0.8019082980980721 0.7849577230267422
10 1064.8224763797 1025.7281835248646 360.0 640.0 0.0 0.0 0.8424805568952587 0.10583418974983394 -0.5282287719667029 1.2112087173146848 -0.09614380761602426 0.9943097210297446 0.04587534111965265 -0.3141146024351655 0.5300781824509926 0.0121368424949705 0.8478619094780143 0.47581500558072987
11 1064.8224763797 1025.7281835248646 360.0 640.0 0.0 0.0 0.8803834043565398 0.09443326117029374 -0.46476598468297187 0.7870565102981868 -0.08512716761388411 0.9955252229305306 0.04102311352341779 -0.21711733249357357 0.4665602069054186 0.0034481435382878803 0.884482720938353 0.31921622271414923
12 1064.8224763797 1025.7281835248646 360.0 640.0 0.0 0.0 0.9138659214789421 0.07919213028205173 -0.3982181362781392 0.27953231462941686 -0.06977471782140605 0.9968344890711129 0.03811154879136222 -0.11888461514940907 0.39997570715280606 -0.007043287565034509 0.9164986774610692 0.3188605557859723
13 1064.8224763797 1025.7281835248646 360.0 640.0 0.0 0.0 0.947187624913019 0.06209182822818489 -0.31461120145175303 -0.2235059159448513 -0.05390235890371117 0.997944044950622 0.03467302773347569 -0.09249860208430094 0.3161172866457155 -0.015883576891633916 0.948587145743014 0.4036909702947499
14 1064.8224763797 1025.7281835248646 360.0 640.0 0.0 0.0 0.9742262311122626 0.0426192307575333 -0.22151038752715976 -0.8767246349937151 -0.03750765097188403 0.9989251808672623 0.027233419687553585 -0.04247890579586571 0.22243297132252607 -0.01822317752048834 0.974777661351392 0.6367658457414169
15 1064.8224763797 1025.7281835248646 360.0 640.0 0.0 0.0 0.991501670356822 0.022343585203633956 -0.1281608437857671 -1.6734807633463957 -0.020546987312310243 0.9996714519381057 0.015323494782433692 -0.10176957156115352 0.1284611186002193 -0.012559951441285922 0.9916350077663519 1.0665782785486877
16 1064.8224763797 1025.7281835248646 360.0 640.0 0.0 0.0 0.9985372158081928 0.009113959122748278 -0.05329506914463562 -2.191549120739607 -0.008842712125360787 0.9999467339529008 0.005323128703545999 -0.14317530813183063 0.053340745104381665 -0.004844069160880286 0.99856461979467 1.3890656848792073
17 1064.8224763797 1025.7281835248646 360.0 640.0 0.0 0.0 0.9996954741317645 -0.0037643674162383236 0.024388286910363214 -2.62909834751796 0.003841087138499749 0.9999878189450148 -0.0030996792070690344 -0.18278227475127348 -0.02437632150389148 0.003192412809748688 0.9996977560494927 1.554802129415958
18 1064.8224763797 1025.7281835248646 360.0 640.0 0.0 0.0 0.9955710130991963 -0.015493860139218399 0.09272700887350112 -3.065673443626971 0.01640580706842154 0.9998241813227666 -0.009080525133120406 -0.2657826516542376 -0.09257001334705393 0.010561569023863869 0.9956501624007704 1.5217935887957388
19 1064.8224763797 1025.7281835248646 360.0 640.0 0.0 0.0 0.9863210986656007 -0.024950775416014738 0.1629360277324262 -3.460246547755423 0.02747359412358147 0.9995347343801216 -0.01324826002131458 -0.2087517871495869 -0.16252966484003797 0.017543476673659842 0.9865476848450792 1.5988318151264347
20 1064.8224763797 1025.7281835248646 360.0 640.0 0.0 0.0 0.9724256201470381 -0.034929761716381486 0.23058257745997449 -3.846528138526889 0.03946795561241544 0.9991067826516946 -0.015096931448339257 -0.13035318364379303 -0.22984928488343123 0.023781265858155244 0.9729356389981606 1.8940020376248254
21 1064.8224763797 1025.7281835248646 360.0 640.0 0.0 0.0 0.9578665304069232 -0.040555874726185506 0.284335947342922 -4.141504463311686 0.047023316602957166 0.9987663823084548 -0.015953722642050507 -0.11390164470311154 -0.2833381683110502 0.02865195622772327 0.9585919610462336 2.244557341104008
22 1064.8224763797 1025.7281835248646 360.0 640.0 0.0 0.0 0.9445643469926889 -0.046522731260429294 0.32501358412587183 -4.506101257577159 0.054995748431763185 0.9983431062728931 -0.016926600716651873 -0.10763046063014173 -0.32368759946081577 0.033862628862222396 0.9455578566760651 2.6674926233141534
23 1064.8224763797 1025.7281835248646 360.0 640.0 0.0 0.0 0.9327196241517931 -0.050466581250536935 0.3570535350602494 -4.714478039218786 0.06093469402599973 0.9979772342498757 -0.018121892366044404 -0.1633027625028172 -0.3554167494450643 0.03865959254637404 0.9339081165286298 2.974322858422492
24 1064.8224763797 1025.7281835248646 360.0 640.0 0.0 0.0 0.9237031722067888 -0.05388220700874552 0.3793008798078144 -4.821276925274824 0.06648394635268687 0.9975831310103611 -0.020193602970683792 -0.20468728005314551 -0.3772960833781454 0.043870314466974716 0.925053004414385 3.1732250864060116
