
1999980 1475.2008952363974 1338.8799560223467 360.0 640.0 0.0 0.0 0.9658961484064799 0.04928089327534785 -0.25419682148192024 0.224840752423732 -0.0359992885830447 0.9977453278793197 0.05664196250575672 0.2946535685264644 0.2564150575045119 -0.04555934868907431 0.9654924463878448 0.6296777885722219
2099979 1462.7954714221473 1332.1838213332692 360.0 640.0 0.0 0.0 0.9727861736318881 0.042734975064263776 -0.22772962542648453 -0.16636943715178734 -0.03090948484415631 0.9979942810237286 0.05524507933381998 0.24387007282882237 0.2296337608830615 -0.04670264393145152 0.9721559540076443 0.5799205639623619
2166645 1459.5803240900264 1333.2559653633907 360.0 640.0 0.0 0.0 0.9768301108170104 0.038548558988262004 -0.210515897739709 -0.45282459187308666 -0.02759250521269142 0.9981195227705826 0.05473638570742441 0.1895289983782281 0.21223003618082606 -0.04765948871056867 0.9760568553514352 0.5857356431444755
2266644 1451.8889507530553 1330.096439376201 360.0 640.0 0.0 0.0 0.9822152301332887 0.03215244999574156 -0.1849850308902912 -0.8602290462719244 -0.02226986014555567 0.9982238325722855 0.05525607128447527 0.08158813132557387 0.18643308457274435 -0.050153764005994195 0.9811866819992631 0.5506107440059542
2333310 1445.7069741703267 1326.424353121064 360.0 640.0 0.0 0.0 0.9852382563695549 0.0271398150140172 -0.16902369250162583 -1.0991991887056005 -0.017940314577533662 0.9982853110955258 0.05571878286330788 -0.006419457132062567 0.17024606691121638 -0.0518639382607438 0.984035776082022 0.5306576052826396
2399976 1439.4916821621714 1323.0495866937633 360.0 640.0 0.0 0.0 0.9880193044968522 0.02235378326253068 -0.1527028562778324 -1.287769290212223 -0.013910064815183927 0.9983259266078279 0.05614137831812685 -0.07817799613872822 0.15370219269221216 -0.05334465893108198 0.986676230242288 0.4901189650245612
2499975 1428.1584355174023 1317.382069403679 360.0 640.0 0.0 0.0 0.9915597383175887 0.015488418345180329 -0.12872215910525897 -1.4977677689298072 -0.008249876500338454 0.9983640996594684 0.05657794666535848 -0.18217971251998072 0.12938788538840912 -0.055038472074574046 0.9900654229425508 0.4342084081717124
2566641 1421.7224354767995 1312.7182499857804 360.0 640.0 0.0 0.0 0.9935604019073757 0.010902757951572823 -0.11277791286729615 -1.6527178926568806 -0.004505736472981159 0.998374135622352 0.05682238695406529 -0.25509281550130325 0.1132140720073705 -0.05594832606406466 0.9919941323970314 0.3946047208026055
2666640 1413.9438249076188 1306.1349783610428 360.0 640.0 0.0 0.0 0.9958204144426833 0.004790293437289419 -0.09120721061400291 -1.9409406323328486 0.0004226830639520733 0.9983712103514872 0.0570503959700003 -0.34178211623604543 0.09133194139089496 -0.05685050070220173 0.9941964076839541 0.3772644528209809
2733306 1411.6827483215195 1305.6773437214304 360.0 640.0 0.0 0.0 0.9970208703736149 0.0005894722136590028 -0.07712999780856158 -2.1688624211606284 0.0038855552280958085 0.9983173570822192 0.057856348043600646 -0.40864756786218986 0.07703432027355606 -0.05798367934929758 0.9953409498403595 0.3838219476678293
2833305 1408.6270149594234 1304.2016215892268 360.0 640.0 0.0 0.0 0.9983702072915059 -0.005077332112384332 -0.05684320444288848 -2.5136328373540007 0.008437648806895733 0.9982203971118525 0.05903257467252417 -0.49915107737444847 0.05644231812502882 -0.059415986808906925 0.9966363455324098 0.4206669835860111
2899971 1406.1771139309733 1302.0079721882848 360.0 640.0 0.0 0.0 0.9989743722619391 -0.008802876231487448 -0.044415233129164136 -2.6924026213502796 0.011461251249543978 0.9981351165094737 0.0599577260277115 -0.5482861174092181 0.0438046034528303 -0.060405285866986846 0.9972122934238566 0.43448660550535917
2966637 1402.9731060810636 1299.7510318762704 360.0 640.0 0.0 0.0 0.9994336610137114 -0.011900130643491855 -0.03147608812094549 -2.8710889238073207 0.013799806839057287 0.9980520623976414 0.06084115445172836 -0.5834129171135036 0.030690756978843117 -0.06124106167010973 0.9976510461085998 0.4755162331278442
3366633 1396.9357828107616 1290.4296949716997 360.0 640.0 0.0 0.0 0.9989403994420787 -0.026929216674486233 0.03732151727621511 -3.91634078765553 0.024418218814497402 0.9975091317363066 0.06617614897081124 -0.814796007380261 -0.03901062614759696 -0.06519470371110102 0.9971097340090479 0.5607124699049466
3466632 1397.3561317637266 1287.718193327312 360.0 640.0 0.0 0.0 0.9982345292614438 -0.030057443060561635 0.05122865122999838 -4.152869352548547 0.0265338896498393 0.9973238758779265 0.06812517378972764 -0.9099467083275307 -0.05313922553287609 -0.06664560541019594 0.9963606706355258 0.5186950902581797
3566631 1399.8015954639757 1287.1545668634487 360.0 640.0 0.0 0.0 0.997489342251316 -0.03249700546933485 0.0629202410243552 -4.382465154815263 0.028135314611035498 0.997219321973409 0.06900744854457776 -0.9626153024213759 -0.06498781552548896 -0.06706391368254998 0.9956299590283554 0.49248391311329337
3633297 1401.2640748346503 1286.463216235295 360.0 640.0 0.0 0.0 0.9969395837607875 -0.03426009653752126 0.07026885594705055 -4.540003565557274 0.029414184798826605 0.9971916267618259 0.06887427131174306 -0.9805522818030384 -0.07243115395662351 -0.066596586258928 0.9951475381244577 0.494167228390243
3699963 1405.284351088726 1286.117557631902 360.0 640.0 0.0 0.0 0.9963877292380696 -0.03565663166280264 0.07707202892273321 -4.709073833757227 0.03028764872968115 0.9971051547368991 0.06974215892508669 -1.0143226440166238 -0.07933568779704911 -0.06715590082463212 0.9945832964745595 0.5652794153840223
3799962 1410.581561950915 1288.5227901365054 360.0 640.0 0.0 0.0 0.9956396218729723 -0.036911603078067866 0.08566957986853858 -4.899935154567874 0.030781217246886535 0.9969433777135862 0.07180820494780374 -1.0974891192229472 -0.08805827628022657 -0.06885808007222524 0.9937325116887956 0.668980882623991
3866628 1411.8842035382766 1288.875312805558 360.0 640.0 0.0 0.0 0.9952095866820867 -0.03736476362576366 0.09034242090657646 -4.9799929390321225 0.03081846814289013 0.9968702466377669 0.07280064140983598 -1.153032268110809 -0.09277985016907433 -0.06966768122701276 0.993246350909509 0.681150748584186
3966627 1413.2200523470037 1289.5979387173813 360.0 640.0 0.0 0.0 0.994672285789279 -0.037256358241270465 0.09611975683140792 -5.081206775910002 0.03007457405794138 0.996721387960984 0.07511321306110597 -1.2542086470108413 -0.09860306221393061 -0.07182227058320989 0.992531610363271 0.6786248674903448
4033293 1415.836939255058 1291.3435263691322 360.0 640.0 0.0 0.0 0.9943786847430114 -0.036836320505321055 0.09926790428123318 -5.129210226331969 0.02931317652166619 0.9966610272755129 0.07620718071368963 -1.299209860468431 -0.10174364358999753 -0.07286893852492003 0.9921382710022243 0.6881493728349757
4133292 1416.4694088261886 1290.5796953004226 360.0 640.0 0.0 0.0 0.9940027734715985 -0.03576069406629641 0.10334243605928212 -5.182835689663623 0.027866969440050987 0.9966536646538772 0.07684337802455207 -1.338883793225885 -0.10574459014529927 -0.07350269037180682 0.9916730490252867 0.677264154120681
4199958 1416.3249865734274 1290.1452381445174 360.0 640.0 0.0 0.0 0.9938116208778757 -0.03506877857834908 0.10539754730121641 -5.212820800223496 0.026973824110851616 0.9966451356525535 0.07727151087522435 -1.3576890859422013 -0.107753770332765 -0.07395035056797095 0.9914234567680693 0.7011144054799174
4299957 1418.955597103754 1291.160031074823 360.0 640.0 0.0 0.0 0.9935981459198728 -0.034200913464228794 0.10767089645212218 -5.237252278182487 0.02595335229384953 0.9966862667868891 0.07709026594276001 -1.3676422822128058 -0.10995066134090607 -0.07380232460177975 0.9911932550991612 0.7409278295067165