https://www.youtube.com/watch?v=placeholder
0 1699.674164886781 1438.369975213809 360.0 640.0 0.0 0.0 0.8097162419724696 0.14482800414405925 -0.5686690221048 4.654492292308437 -0.10589926976314311 0.9892193562258378 0.1011454889343668 0.08308670667766167 0.5771871032426262 -0.02167751101458451 0.8163241594897205 1.7697131769403387
66666 1696.3371579130219 1436.7294341575996 360.0 640.0 0.0 0.0 0.8106744138656982 0.14433748321535125 -0.5674272514098745 4.660099890598233 -0.10572562492758002 0.9892935694047712 0.10059982986088942 0.0796215608225137 0.5758724571788266 -0.021562107351217462 0.8172551551317344 1.7458204077542265
133332 1694.1351597967728 1435.7761882769412 360.0 640.0 0.0 0.0 0.8120502583422696 0.14332531603675058 -0.5657139133070874 4.65798885429481 -0.10506102433397581 0.989438502717104 0.09986806550059424 0.07976072060384307 0.5740527493986498 -0.021663405177875676 0.8185316962610245 1.7327107062309035
233331 1689.552323922254 1433.9690344084145 360.0 640.0 0.0 0.0 0.8145513747898838 0.14245750234973434 -0.5623272337813506 4.651798960433414 -0.1047565550592644 0.9895632236449285 0.0989479185307732 0.08212978127775446 0.5705542235406077 -0.021690699244898824 0.820973441449991 1.6898217488475202
299997 1689.244316196288 1435.5420706422174 360.0 640.0 0.0 0.0 0.8167618687472238 0.14193168173057505 -0.559245426875959 4.626242170576015 -0.10479215098753515 0.9896422111889134 0.09811676168995735 0.08545290442968323 0.5673787578434255 -0.021533498421041547 0.8231753480236168 1.6862042593330324
399996 1682.258534701362 1431.9882163617792 360.0 640.0 0.0 0.0 0.8210268082141148 0.13946255047296366 -0.5535929707007842 4.545842942575966 -0.1033494142713755 0.9899893906569756 0.09612442434882942 0.1009081606816865 0.5614569251184874 -0.021707220047861776 0.827221202481106 1.6324958453609524
466662 1677.212554140842 1430.3530037611677 360.0 640.0 0.0 0.0 0.8245814673923564 0.137675506985058 -0.5487356908471287 4.453080362289065 -0.10205664974293978 0.9902240231252257 0.09508324915009717 0.1009986690747488 0.5564618979555701 -0.02240175890638462 0.8305710790303169 1.5724487856684497
566661 1669.5590449396252 1426.996029602866 360.0 640.0 0.0 0.0 0.8305901869965329 0.1347740533813536 -0.5403294326614316 4.301768054883114 -0.10019053665660847 0.990605412829462 0.09307401590901715 0.1194024333287393 0.5477972230940253 -0.023170468448679225 0.8362902198174648 1.5096329956642163
633327 1664.8258233566396 1424.9838914774596 360.0 640.0 0.0 0.0 0.8353892468385022 0.13251174832211748 -0.5334467572525076 4.186643562478342 -0.0984619918601242 0.9908837976935355 0.09194854880515123 0.12194105404477391 0.5407680116515184 -0.02428859866382249 0.8408210401443407 1.4568531571092511
699993 1654.9465557807487 1419.186713531071 360.0 640.0 0.0 0.0 0.840387031431359 0.1293626055294514 -0.5263221007069907 4.060927316173465 -0.09585772646544585 0.991264996137543 0.09058147553066573 0.11408348981698482 0.5334425308117678 -0.025671457361598905 0.8454466527215468 1.3656357333676807
799992 1640.0048800759255 1409.7662215700661 360.0 640.0 0.0 0.0 0.8488031583643406 0.1252323529929935 -0.5136633684764353 3.8557498175157012 -0.09272681401462124 0.9917450623906864 0.08856336255129015 0.114627744160654 0.5205141076987421 -0.027542494214062966 0.8534087383540494 1.2293472249322928
866658 1635.952593121821 1410.747564306144 360.0 640.0 0.0 0.0 0.855266841093494 0.12351891704379837 -0.5032511377615388 3.7141021031059838 -0.09161910455989229 0.991919979237789 0.08775360088650387 0.11983875702361185 0.5100240878680139 -0.02894532641432022 0.8596729598359883 1.2419275741802014
966657 1625.769266091626 1404.6407194457215 360.0 640.0 0.0 0.0 0.8646192932059475 0.11890540685585042 -0.4881546701983833 3.50138814171297 -0.08892659329439061 0.9924694549342913 0.0842403824034816 0.16601894912580062 0.49449523639879667 -0.029425928071607998 0.8686820914097532 1.2778518178336222
1033323 1618.5174097129084 1401.1715934946442 360.0 640.0 0.0 0.0 0.8708836717467067 0.11457122664198652 -0.4779488092994113 3.3353964880521727 -0.08584958813877577 0.9929610182421822 0.08159818912115285 0.1975548812711705 0.48393334096895724 -0.03003082211993903 0.874589430087869 1.254586359504316
1133322 1603.3323597012177 1393.3468569036772 360.0 640.0 0.0 0.0 0.8806361752823213 0.10806010752109214 -0.4613056903471434 3.079418348464728 -0.08066241873134429 0.9936241325652807 0.07876964763348067 0.21281330348940594 0.4668763230112808 -0.032157368462351454 0.8837377454115235 1.145105793264445
1199988 1589.7190544610105 1384.261746502876 360.0 640.0 0.0 0.0 0.8876481139031448 0.10336610981641302 -0.4487719612738867 2.9183389817278185 -0.07687120249017378 0.9940696535265537 0.07691776235247719 0.22561463964927608 0.45406127792612344 -0.03377826637082935 0.8903299301995171 1.0415231136120033
1266654 1576.6904684368676 1378.2664297133113 360.0 640.0 0.0 0.0 0.8950354376480611 0.09904526919285077 -0.4348581377928432 2.775139670608261 -0.07361806579572917 0.9944637803116698 0.07498113120458141 0.24757721916564507 0.43987719393330604 -0.035097354583197446 0.8973718459805957 0.9657717767841849
1366653 1559.3539442374338 1371.8299358002619 360.0 640.0 0.0 0.0 0.9062840686375953 0.09346309138344706 -0.41220606191895826 2.5388832971679296 -0.0697126211311027 0.9949421598723502 0.07232046020023766 0.2848240445258002 0.41688048333871175 -0.03680691589351448 0.9082157857875461 0.8739712953476529
1433319 1549.961612792823 1370.7425859927037 360.0 640.0 0.0 0.0 0.9133229854097039 0.08901819682608687 -0.3973875752412721 2.355577274085509 -0.06626223512387282 0.9952969478089533 0.07066329937506621 0.29625405016118095 0.4018089602269893 -0.03820662659819228 0.9149261244304329 0.8382277893589496
1533318 1531.7853019665224 1359.929420378957 360.0 640.0 0.0 0.0 0.9235148981381865 0.08246062957213285 -0.3745937499310187 2.012618017067809 -0.061358186209045484 0.9958009798866337 0.0679380706375762 0.3073816232685027 0.3786230393174076 -0.03975742732355405 0.9246966751701129 0.679889012224972
1599984 1521.4796997543776 1354.483489942434 360.0 640.0 0.0 0.0 0.93018506840188 0.07747357845224757 -0.35882249534274396 1.7640558941193871 -0.05748937398768093 0.9961588065040399 0.06605001213437736 0.32369891061530326 0.36256131950429377 -0.04081025442520891 0.9310659550929006 0.597789364527322
1666650 1512.9123732842563 1351.3844110995706 360.0 640.0 0.0 0.0 0.9365461491835909 0.072347695385165 -0.34299726153694365 1.5161187629411417 -0.05356287856542478 0.9965152329243624 0.06394066459999838 0.3405406282147996 0.34642795569811147 -0.041511462539391475 0.9371576548205046 0.59344972779555
1766649 1502.33241346226 1348.379802237479 360.0 640.0 0.0 0.0 0.9459442949850267 0.06498637755985304 -0.3177517293689037 1.107943146008233 -0.04796373233877706 0.9969777369901852 0.06111360180895198 0.351277968876092 0.32076295167212654 -0.04256950407953111 0.9462023917518957 0.6327918107347346
1833315 1493.2833769108363 1344.035646165389 360.0 640.0 0.0 0.0 0.9519343694391503 0.06029880983143941 -0.30030819138578146 0.8446095856508536 -0.0442937787069293 0.9972255063308523 0.05982767495931048 0.3406719162826436 0.30308252580501704 -0.0436502354642817 0.9519640956966622 0.6416713168410525
1933314 1483.5220094054578 1342.863374892774 360.0 640.0 0.0 0.0 0.9606161802719073 0.053921529212725264 -0.2725968137876371 0.47149468235482295 -0.03943778490032129 0.9975175147525485 0.05833925680067558 0.30619123793614295 0.2750658381587333 -0.045291019521097105 0.9603580104465069 0.6447117062233007
